1199272
1238231
1349908
1568009
561462
1019940
1014609
1001783
1014253
1005337
1002423
1024710
1025533
1027566
1036090
1036677
1013839
1043158
1036818
1039239
1043844
1037726
1047577
1051491
1052988
1053954
1054324
1057209
1048493
1060297
1064050
1067296
1071979
1076539
1079524
1083563
1008521
1083714
1085823
1087501
1089421
1053531
1047614
1054273
1044706
1024367
1094194
1090113
1094671
1093932
1093382
1094687
1096331
1096313
1094979
1096344
1097167
1098766
1099870
1103759
1103174
1104769
1107936
1106705
1108655
1107839
1109326
1109375
1110950
1110980
1111751
1112241
1116333
1119422
1122860
1122173
1067094
1126242
1084784
1126407
1126576
1129406
1090031
1129214
1127149
1134814
1136709
1136732
1136733
1136825
1137462
1109479
1141952
1143737
1144192
1144361
1144630
1149135
1147105
1145722
1150286
1114825
1124755
1153483
1154113
1157107
1158089
1151500
1163351
1156013
1159800
1160290
1163416
1164903
116599
1167706
116773
1169148
114600
1169265
1172682
1169394
1172142
1162827
1155084
1174496
1175956
1178145
1180247
1181866
1183228
1186470
1181521
1150169
1186886
1185640
1186171
118734
118724
1192619
1193426
1167518
1187586
1193354
1194317
1193538
1197137
1197626
1193844
1197719
1199302
1197762
1204202
120132
1198633
1204416
1205161
1204463
1205803
1206775
1204920
1208169
1208361
1208109
1209165
1209432
1211175
1209221
1212225
1211314
1212500
1213479
1215488
1215303
1215527
1215660
1206694
1220132
1196352
1223748
1223971
1207454
1225155
1225934
1225456
1226489
1226797
122692
1226957
122701
1227199
1228075
1227845
1229434
1228609
1229704
1209974
1205487
1229969
1231746
1231008
1227639
1231237
1232170
1233142
1232588
1233748
1233794
1233626
1234463
1235412
1234589
1237775
1236860
1237417
1220408
1219379
1236181
1237492
1220755
1238254
1238668
1238987
1239151
1239239
123996
1241021
1241794
1242931
1242782
1243051
1243407
1243447
1244733
1245792
1247707
1248207
1248998
1249346
1249745
1249804
1238183
1250314
1250099
1250667
1251747
1251086
1251881
1253091
1240368
1242581
1242009
1253262
1254347
1254786
1255911
1255249
1256464
1253724
1255104
1249547
1248264
1256581
1259176
1259517
1259901
1259417
1257983
1257954
1260215
1262779
1261870
1259714
1263306
126508
1266945
1261104
1263191
1267060
1265855
1267121
1268744
1268591
1270876
1269388
1270965
1271175
1271621
1271870
1272148
1273883
1272130
1273558
1274104
1272403
1273962
1275489
1274202
1276439
1275527
1277532
1277368
1278373
1272024
1278455
1278141
1278702
1278178
1279588
1280216
1271270
1282390
1278903
1281929
1282585
1283767
1285068
1288245
1285454
1284773
1288415
1289807
1289604
1291262
1292171
1274570
1292513
1292721
1294263
1295783
1282300
1296897
1296047
129899
1300113
1299358
1301263
1300401
1300722
1302225
1303085
1304768
1306528
1306829
1306846
1282761
1309388
1310429
1310746
1310583
1310784
1311142
1314997
1315832
1316945
1290120
1293583
1288608
1292883
1318650
1317845
1318815
1318641
1318372
1321116
1321804
1317090
1325891
1327428
1325516
1327698
1328044
1330237
1328347
1330959
1330362
1330904
1302455
1307878
1331040
1331950
133192
1332477
1317035
133328
1334433
1333310
1333108
1335326
1335248
1335697
1335848
1337398
1337565
1337568
1340232
1337720
1339939
1340291
1340258
1340823
1340895
1340758
1342206
1342441
1341972
1343940
1344117
1346758
1346880
1347753
1349013
1348675
1349267
1349292
1330982
135077
1351444
1351386
1352272
1352281
1353385
1353958
1353128
1353800
1354222
1354959
1355773
1355403
1357062
1336132
1332269
1358126
1358694
1349323
1359791
1360222
1360916
1363284
1364974
1363365
1365107
1365015
1365147
1342660
1365185
1365240
1365195
1366952
1368457
1367138
1367148
1368537
1368682
1368807
1369269
1369372
1369667
1369681
1386764
1387673
1387075
1358691
1431295
1431130
1430165
1430498
1361900
1364026
1432087
1445601
1433832
1446432
1445675
1446764
1447613
1448587
1446893
1448055
1448629
1449016
1453401
1449428
1454937
1456256
1431447
1456642
1459644
1457904
1460096
1460703
1461363
1431511
1461661
1463176
1463424
1464248
1464410
1465347
1467265
1468077
1469500
1471063
1471374
1471232
1431891
1453444
1454753
1472070
1454803
1474991
1475649
1472898
1472548
1478216
1479609
1479428
1479666
1481907
1481823
1456690
1460816
1480164
1483201
1480133
1483669
1492615
1471983
1501880
1502863
1506672
1507099
1501824
1507582
1502182
1506304
1511548
1511944
1516934
1516252
1516945
1515732
1517235
1518493
1534521
1535780
1534059
1535795
1534295
1536812
1536833
1537753
1538608
1538897
1541181
1540836
1540222
1562015
1563265
1563736
1563866
156435
1564418
1512672
1564695
1565144
1565660
1565743
1566486
1566815
1568008
1590761
1590839
1592286
1592306
1536215
1536869
1539275
1593169
1595446
1596611
1593919
1631240
1593424
1631567
1632207
1632372
1632501
1632637
1541063
1633654
1634109
1541396
1634126
1634981
1590413
1567308
1635066
1647898
1636583
1636572
1648499
1650766
1649922
1650947
1652100
1652933
1709074
1651084
1710696
1651385
1708858
1710899
1711762
1711763
1710545
1773757
1713045
1711045
1773987
1773955
1774029
1774211
1774486
1983760
49035
494581
1632595
506698
513986
514410
518302
522646
524326
525481
528992
532719
535075
539226
1634675
543408
551102
543341
552537
553570
555074
557109
557213
558243
558856
561246
562521
563437
570733
573150
1712382
492686
511619
1799842
521978
579207
583946
596411
539755
591276
605751
602099
616237
593073
589462
611908
616723
599407
617181
609505
624820
633261
617249
636254
620449
637068
636607
635300
623296
637696
655525
660305
640560
653052
660808
669394
674424
675267
676062
682985
683407
684640
711919
707224
712941
647501
731222
726857
730858
748287
737941
746681
753734
751670
753660
755860
766354
787169
774569
795772
800376
680557
802154
804281
805476
805914
809706
815492
829881
831911
688506
691586
711617
715856
833329
849953
838167
848710
843346
865225
866844
872878
875878
875437
875891
875958
882044
885849
888956
892641
796602
804113
885175
895291
893243
901609
897758
897785
827553
902032
90316
833873
909797
905388
908417
909544
913957
915289
917977
912004
928243
930870
930490
932723
917565
938424
919229
924993
941566
945882
952407
964668
958280
966014
963776
967887
972500
967428
969266
985442
992324
991845
994814
995172
89714
954500
981991
992982
969944
982029