1974457
1880992
949794
1122438
1970499
1784865
924406
525911
772970
850003
376853
1953990
1208763
1041877
712938
1140958
249901
960210
1781192
211589
1155087
979300
1471914
1096579
196131
866452
1535273
1103919
551655
1852017
1833131
1254630
738301
1239943
724952
1483266
1226078
1778876
1103956
1184183
1103121
1198851
1563104
1198663
808535
860678
2019278
1195491
1110632
1230888
65017
676204
806162
1449694
239649
805280
1717878
988787
1200030
1701712
1187250
649972
196992
1359595
1825184
934227
849468
971322
869338
1617906
1456909
994548