1792763
542065
1252636
1153521
920488
989768
1022259
1783220
840170
1325592
829886
2048840
572988
1301513
1182441
943592
906883
736218
1358427
928227
659965
679192
1087915
2008151
1329922
1747407
729850
1326775
735290
753516
1095410
1804841
1122084
1058025
1383121
1593646
367695
1165713
1462672
331576
911845
1257172
1124747
653947
1467027
1364174
745926
1219717
1596184
1114984
1159484
1208343
1232071
664457
925934
952300
1774171
1369881
897062
1019894
385306
697020
1159885
793955
1142958
682845
1239366
1632340
906636
667442
1203292
1501044
708309
1566742
805696
740860
1319497
1127869
121066
810722
548706
671064
1282052
1929342
1880325
660897
1283297
1045210
1467141
793894
869347
1000819
759094
1293007
372690
1136333
659573
726480
771224
821381
669558
781258
1332415
678736
1381165
1311207
2053656
645458
1194647
403111
718106
1357461
1684986
1342609
824308
1461700
1143163
729648
1055190
1082872
506081
1361751
1844713
854471
719887
896322
1350803
1369128
692493
996317
941066
1004728
885049
1902775
681380
742880
652746
778716
778939
730385
1194000
705205
809272
774002
1685169
608292
1678867
1900464
118398
891406
483375
1128317
737141
1916176
707299
285645
1331075
816349
674911
934851
488021
1162032
1139005
1343683
543685
474593
739789
1173735
980269
1075682
724476
1037551
859274
1222737
789190
1120554
716745
1874411
1430204
549967
1680744
786655
1914876
1076926
722125
1891746
668651
825802
1333027
655868
1021135
118910
876379
657552
697198
1179075
889233
673203
768255
1802358
941208
286664
1181519
1540796
1448977
678297
1385935
807008
2023331
753098
892210
874653
832858
399899
118598
468237
1164495
651433
661143
2088760
1003316
2086175
1265480
985909
1433827
674451
1099606
1233840
908800
1003921
936348
826783
768466
818406
1224832
861414
1008608
577827
742280
1208213
645100
922921
818797
870106
1169701
947945
1783322
1022047
1129541
1033849
567304
716751
1166443
1356486
1866131
1819743
2059666
2055511
2073463
667290
78559
1278637
1836911
1957287
1380563
745541
1142342
824178
802016
655376
864595
752892
801828
1709080
797147
1968659
1829173
1239147
1026737
856539
1731704
1062575
69883
664689
1146036
2038090
640126
585607
1096987
300898
1478114
949622
649211
1322024
640340
1856022
1228954
713397
656828
677322
72061
1064665
1330830
952388
657789
1033508
1030872
1838018
717566
804984
2045892
1064524
835476
658015
649116
838351
707654
1297358
1309585
780159
656163
638052
1169485
919179
1154681
1702778
1871517
697108
1113617
1285925
1029539
655576
1295591
704267
1389180
772947
360246
885251
979767
1836350
803636
1877564
1563511
890370
747421
769335
851668
1063482
712491
1925157
681576
1044918
647926
1198165
803680
775426
767257
890513
936967
951778
1113788
1974910
799884
1060169
2041016
721090
914195
1142199
1105994
1134528
2074420
1357707
1846333
1259212
1385766
1832132
1055469
675947
650938
998425
1821537
799738
69496
2009403
737052
1046084
959773
2032185
944591
1021801
949531
741464
2078235
681332
696177
1058892
1040283
1296276
1215867
1383214
573903
866333
101842
1904520
1273139
716675
856442
784747
1976475
878920
2043396
1062317
1038864
1033949
552804
657191
1204344
1864836
2007182
1018733
897230
1947819
1596133
1113968
1170541
1235436
683888
1194777
453134
1797046
1124410
941149
1256961
729974
1366321
1259482
912124
669598
831024
1358209
2054736
1216360
1457899
798117
802625
703828
882749
671391
643476
1329597
723757
878842
1986697
478819
883133
1375287
1025575
1715316
681642
1080092
701851
692804
819313
648062
697203
2081549
1015442
781108
743888
1025098
728497
2080967
765791
1020826
719272
794116
555323
1963805
921570
830858
1279792
724736
658816
672588
1352985
1119643
935898
1113107
1204379
71110
1456364
1001511
1593729
803295
1117846
124693
722531
672338
816970
1039772
876646
1467356
733057
910760
2089117
922242
1192735
746058
1483460
862861
679631
1200396
98833
1226571
1033868
1169559
806184
601159
1694290
445658
1119937
891829
676027
948690
742212
1221668
721193
1382888
809834
1041175
1622197
510931
1901291
668110
1043806
962294
1016020
60962
1374456
1205316
792618
2083282
650185
1940438
801701
1332414
802807
887700
958863
890664
1042161
802032
683051
1096253
942314
1126605
1176376
644483
868267
1696916
678815
1536897
1176271
642456
730932
802639
1999482
993606
427306
1077381
765611
1035676
1925517
683222
756364
198382
1142743
656404
105561
336742
948156
1378102
716757
1340029
1366183
1017340
225469
910493
1192792
771381
734297
788524
741240
727404
1023978
1315610
667703
1731924
1880271
1270363
863576
644275
1007614
1229111
1180334
703228
971774
672951
744609
1988693
1786427
1474806
674896
1891887
876164
1215688
1302637
712271
1079956
2072444
460648
584357
1147746
67420
736279
786875
1182168
1111552
1040725
739595
545374
793435
751674
866553
672775
1109042
1821101
1131231
1343474
1300005
1199210
2013561
660253
1934156
659793
100705
899122
874764
716780
680934
1764064
1022387
867617
1226568
892695
1634394
1192661
1085797
1978578
823713
736989
828474
2059347
816846
1261536
2064070
1008590
734857
1018756
1117678
1539936
1880839
1185180
1369974
925406
1351798
840424
1074691
1024579
677854
801523
667310
1866918
71649
1033359
883380
1011141
1434075
536150
697686
1149807
1899462
1175139
730810
1279605
1183042
640459
1056283
808213
2098476
702489
664934
1134627
444857
706042
1205611
890226
740235
979166
2036394
1995783
1193428
1445931
806568
737715
100969
716628
1681429
781179
986965
1269071
1252623
300266
683746
812397
1033692
854433
1056165
1340529
170039
112814
1254111
833475
1446127
1033248
682107
1380004
1355260
1073900
864092
739657
814596
969406
649035
1270995
299788
1223015
1033071
1189276
1983414
1187946
1809409
829707
680943
588086
704358
1383447
1005844
1814771
693378
860921
1158027
933366
961950
741873
1073975
2099024
850221
710056
1002828
987994
1024321
954080
1251652
681269
1714169
1697458
1181140
644541
724817
1467705
1090347
752945
491322
1455014
1127130
1340586
1072728
778220
902389
660314
1135273
2002576
654189
812286
778450
1355821
768010
1045158
2028655
919711
810262
1172093
1793200
958440
869402
768931
1012840
913887
747989
1355767
372688
862556
1355839
1068179
1623202
757042
1763444
1882308
557767
683579
1517187
701148
794141
1568536
714234
672535
1305615
1864982
1059984
675861
801910
979174
1210724
794961
128663
1701677
1217701
1593246
1033267
955335
1157043
1381874
1318760
525611
1843382
1111392
1283556
1364354
1432107
2041024
722578
1053708
1155444
1044552
1125952
984821
1199201
1693797
1291608
787285
844821
711692
946778
1490604
773307
901691
721908
775046
952412
1201393
1620612
811052
1008439
1449938
2089916
1272082
590427
1230121
1103655
226490
723141
664537
101991
873771
866709
668799
1155468
1047854
1479836
741337
474599
679381
684145
839381
1039259
1076716
1863091
1123467
1733875
1684500
1954397
928084
681680
845851
1478103
850915
23884
949095
1251647
1592400
1284022
969190
706875
875098
930332
659277
1940709
1026341
1219114
975259
859511
2045709
1033995
968371
200225
509294
829769
1071369
841670
1277343
1240676
1039989
790414
992721
1176316
817676
961504
1480804
836757
703247
1291755
992266
838594
1001809
836656
1862780
768319
800824
445631
1344745
1169014
923225
1457421
1350964
1104695
679771
1263836
1003949
1852962
806875
801200
1153683
1589777
815771
1099222
1977061
290864
1219405
1884776
922879
1275318
1728331
1898033
1320787
938805
857878
738427
1035225
633639
694451
2027258
1035333
732749
1622801
973639
1259034
803456
992103
1081368
1317913
2051225
1113550
1223318
1817293
673027
539031
1364945
762046
1230487
873921
1998027
1290413
976897
925724
1236964
838723
921348
639886
1221997
1086832
1681300
1081862
814400
1131503
861534
714150
1237756
1192706
725574
673333
750208
666619
797358
1844107
1010278
956638
1212531
869022
712299
1068512
1181267
728076
824059
916642
1012984
881102
1329814
1104471
1537437
117949
1157722
779897
1005742
1236654
1225197
1310316
773018
1105860
1212208
718840
681773
1865932
769240
1172841
877932
2002389
681979
1687406
985102
829204
776986
2083599
1980654
1016164
1242385
911796
2043162
753044
1146294
1346012
737107
1113545
844124
834003
1047559
2056835
699558
1231229
1168991
758278
1742627
834102
1262248
180879
735909
1219025
871046
655678
735342
882794
722100
1534979
1122150
1806527
1381120
1330769
560142
1264020
741757
1226778
825840
2063644
1301194
644150
727829
829860
932995
1109179
1267989
1144099
2008280
1075472
767164
867569
878050
702860
1320431
597317
1325624
849506
2020168
776237
489958
695825
1702255
1705163
1019314
946524
1121054
1063111
929861
974701
692802
1277787
1043701
367685
1082829
756120
1490318
718711
874662
840823
1200842
1930376
1898625
722224
1143202
1353635
1184005
1307128
1037508
900694
1781513
787587
1268061
553811
645447
1753749
1115592
1968382
1913163
947796
1007088
1015699
1908287
1167268
1149242
777325
671268
193526
1716956
844482
304727
64863
1880273
279729
646820
1469464
1068279
818911
1904274
1195326
1908374
697206
1619399
700996
912339
1324875
1475783
1787242
1444933
1512589
1173739
901300
1015839
797922
1275871
677375
933118
169671
676076
965054
2009756
1052657
640247
932866
1217758
771924
863109
1230705
643502
1259032
792406
1340497
1112673
697174
1684860
888000
729263
2001580
939849
1683856
660006
722040
1865703
980106
860532
824959
970164
941124
2065490
1341020
1841808
1169502
128568
914486
867530
1035998
1026375
683813
1094280
1278302
1846325
1477430
1880117
1278849
645070
551747
2026156
701938
908756
1975623
1315862
210095
1189190
597662
751759
1199316
736620
1184141
1924598
638308
729598
1263259
1691207
892323
1235929
1011183
1221330
1175975
650132
1095276
1874862
840999
1265413
850596
2067301
1231501
906248
1200817
96784
655712
747694
588661
551903
1064511
1464250
815012
1649094
1092118
1204922
774043
720870
942163
796339
1211473
471365
855485
1244687
947892
840275
673620
696570
1271241
975619
725321
684179
1058219
1682555
1042061
709014
703046
1911774
735980
1096262
1325360
1744247
1083675
720989
1847624
728686
742239
672328
985379
2005215
306426
842082
810971
674239
1873500
1035264
1065142
758028
1374913
1483304
733234
1146915
1476614
896684
1087632
705264
1322899
754063
1181723
1240720
1293863
162118
1848430
872050
831283
1088448
682651
693772
1741449
1105284
948308
849738
1314952
1324962
1035717
1087797
1883194
1153605
826938
1059388
1384427
1308504
502774
1365687
1561646
1144067
813526
1255842
743860
1340852
1730560
45373
1457688
728951
716502
709710
798551
1120322
1911295
381978
1431556
1262714
730163
945266
1201879
742607
1042177
1888500
1026422
1268816
785122
1116072
845247
1855063
569264
2006577
1620631
794095
967921
1082272
1139929
1053092
743315
700516
1155260
770817
1154697
1708253
1051782
835732
908189
931313
1120885
849329
746769
1066444
954915
776131
676722
1109888
875790
1292162
1138815
841120
618119
1454046
1233474
1879590
1695413
1335188
1203257
921689
909778
667224
1181318
1107650
180225
1194285
887076
673186
1149846
943256
1348605
520542
1008305
1097938
1852101
779383
1535369
680651
1952477
1076085
714359
655408
873875
1048829
1805229
877802
1785358
1022543
634464
747700
1166437
808257
827178
769780
1030307
1897642
794232
674744
701735
1910083
527421
715731
660819
1117835
1745718
942433
2100248
1596877
1117677
1863124
1240350
1110748
275579
727035
1840725
660705
1116408
1804815
1480566
701877
724054
2028937
696877
959108
860245
711967
1138230
869578
924563
618705
669703
726034
911172
1225561
1052765
1032386
1304134
525206
1511425
2084405
1710248
1007718
1117337
878679
1233992
645425
847080
2081928
858985
654069
669530
758738
1820242
1263545
780482
1037115
1183864
804743
848433
878328
502755
937627
96396
637784
866871
1342467
812135
1139820
1305456
1458360
768332
1131669
844992
311769
1832209
1122449
1054574
1470259
1052204
101127
654046
1260598
1005101
925514
862856
865087
785594
764474
674556
498036
1232279
906955
767804
819093
1299370
611764
840168
657175
1057868
1009157
650406
1096074
1258703
913597
1150923
1047517
1228108
1851417
1210131
931603
820661
721660
1804094
1716781
1107934
747918
1430181
708763
1248299
1336010
1694105
1206522
942128
1792795
651123
1515861
1113246
1793079
672567
1121875
717908
1029067
1301952
553752
1128439
1303735
2091242
756296
596314
1800262
1252669
790332
832722
71159
733610
796667
1892095
1923362
1087465
704779
860064
678792
1961420
1080589
1190757
1201096
1367640
2080059
1949180
529473
1225932
686011
692975
863934
671917
1000081
1164676
1135593
791384
1995779
878032
853450
1449592
1836352
1214034
652055
537746
1927007
1166586
860138
1896785
1033734
1100297
733787
698474
653943
1175154
280421
672904
1188007
97494
1325244
1232802
1009125
974384
838557
356680
1054464
1232302
765692
1022023
824493
1170837
1899878
794261
390288
1305330
858823
704329
1679936
2053483
828919
1507778
512147
588879
1340415
662752
1011520
892884
701549
1208809
