864822
1974457
1880992
949794
770023
1122438
676204
1970499
1784865
666856
1184339
1831627
525911
772970
850003
682070
806162
376853
1953990
1208763
1150760
1449694
768492
239649
1041877
712938
805280
906200
1140958
1717878
1718480
249901
960210
1781192
988787
676747
299018
211589
1055207
1200030
1650387
1155087
1701712
979300
1471914
1505400
196131
866452
1535273
1187250
649972
196992
551655
2063622
1359595
1852017
1825184
1833131
1254630
738301
1210795
934227
1239943
724952
1483266
849468
1226078
1778876
802426
1103956
1460091
892857
1103121
1974002
1709034
971322
1198851
1563104
1198663
869338
2063621
1617906
1456909
1159198
1776669
860678
2019278
1195491
1110632
1209494
1230888
65017
994548
738088
430152
198997
207542
296629
307385
671695