1001424
1021484
1023811
1024968
1035515
1040782
1041855
1044336
1045363
1072118
1072481
1077780
1078290
1079662
1081574
1084928
1090623
1094736
1095544
1102002
1106465
1117051
1117088
1119230
1121001
112750
1131556
1132091
1134585
1140151
1140605
1140626
1141642
1146352
1152066
1153803
1157052
1161488
1163301
1169670
1170180
1177075
1184377
1184437
1184962
1185417
1185429
1186550
1194973
1196409
1199156
1201086
1201379
1203412
1204764
1207266
1207565
1208336
1211992
1214799
1231307
1232082
1232188
1233370
1235354
1240997
1241709
1242746
1243670
1244208
1244983
1245094
1248463
1248513
1252725
1253166
1255751
1258308
1258942
1259236
1259839
1260433
1268968
1271767
1274036
1276276
1278442
1279638
1281127
1288970
1291255
1296186
1298236
1299955
1301026
1313900
1316354
1318488
1319405
1322967
1324671
1331604
1331761
1338621
1346987
1358054
1360220
1362657
1364194
1370328
1371755
1431854
1433996
1446295
1452753
1454794
1460447
1467883
1472055
1472756
1473404
1474440
1476369
1478054
1479978
1482410
1483628
1492283
1500680
1505655
1506787
1518418
1534535
1538645
1547568
1563580
1565995
1567132
1567329
1567951
1567958
1593917
1593976
1594119
1594967
1596213
1596719
1596770
1632591
1633019
1648877
1711711
521739
530740
549045
55047
557194
565758
567887
574324
577186
580163
584083
585041
588233
588789
611812
612648
620741
621079
633836
642683
668964
707662
717860
776018
782534
788672
79362
801308
833824
841753
861844
863785
871429
888939
890991
892155
892825
896761
921632
927703
938369
938811
94663
955615
955680
962873
963176
970226
985056
986021
986436
987795
987966
990371
991297
995936
996751
998325
