1116635
1127588
1134477
1179498
1222538
1272455
1280495
1349631
1428900
1487247
1521823
1525526
1557967
1581279
1601633
1638100
1641978
1679852
1728727
1747207
1758874
1770073
1800828
1848600
1864224
1867736
1871807
1874271
1879933
1887571
1890230
1890368
1892187
1892934
1893683
1896027
1896661
1898800
1899575
1900731
1901723
1904880
1913421
1918715
1919561
1936731
605971
773599
801170
807459
879790
880102
885860
894219
925301
930835
984632
998799
1375416
1491087
1594223
1817088
1818988
1823275
1831293
1844225
1845935
1882106
1883689
1885788
1894145
1895547
1901865
1916815
1919584
1926772
1933033
1942590
1947015
823867